159683 0 nothing
43009 0 ism and star
68450 0 tiny
3851 0 tiny
162751 1 group?
163405 0 nothing
157610 1 maybe?
142512 0 nothing
112733 0 tiny
45667 1 w/star
52878 0 group
62132 0 
5518 0 tiny
76326 0 tiny
129003 1
106779 0 star
108275 0 tiny
140698 1 group
98756 1 group and star
146277 1 group and star
132751 1 smallish
62787 0 tiny
38173 0 small w/ star
70934 0
1133 0 star
88216 0 tiny
83532 0 tiny
148151 1
143096 0 nothing
81355 0 tiny
54343 1 bad sky
96421 1
96954 0 tiny
103147 0 tiny
126476 0 tiny
105067 0 tiny
166617 0 nothing
19302 0 near big galaxy
11615 0 nothing
69404 1 near star
129728 1 right near star
33424 0 tiny
145768 0 sat
155682 0 nothing
66992 0 no
47052 0 tiny
149908 1 mb
160934 0 star
148473 1 lots of stars in background?
152887 1 near star
25269 0
45016 0 
137243 0
144722 0 star
73017 0
143437 0
136176 0
21620 1 terrible sky???
153961 0
72445 0
28116 0
100608 0
42359 0
6835 0
115415 0
114700 0
125603 1 mb too small
61193 0 star
141599 0 empy
41085 1 nebula already ran
58399 0
15849 0
142741 1 large group
170976 0
125946 0 vvv bright star
67752 0 vv bright star
134400 1 faint
10169 0
80826 0
151145 0 v bright star
136046 0
155970 0 ism
7295 0
136269 0
85832 0
14399 0
109850 0
130746 1 near ellpitical
169626 0
124087 0 
31567 0
139151 0
9281 0
141317 0
33778 0 star
61641 1 small
167773 0
28930 0
146548 0
26956 0
56175 0
147262 1 probably wont work
140242 0
126918 0
133705 0
44435 0
48213 0
138364 0
106171 1 large group
89337 0
82641 0
128265 0
145181 0
57328 0
91949 0
44400 0
102760 0 sat trail
134906 0
120243 0
140502 1 near stars
118773 0
50644 0
131404 0
20873 0
22646 0
111174 0
76892 0
133170 0
63927 0
167441 0
29265 0
41679 0
110390 1
132023 0
4496 0
91196 0
131205 0
78807 0
