3221
3365
4799
7279
8336
11251
12262
14464
15364
16526
19133
21558
23573
24337
25602
28067
28844
31750
34446
35150
36482
37876
41083
42052
42600
42814
43083
44245
44429
49604
49759
50734
52279
56588
59376
61817
62178
62852
64322
65007
67034
67630
68441
68991
69827
70335
71450
72964
75167
76674
80022
82430
83035
84867
87253
89043
91214
91953
92832
94392
94855
95810
98725
100565
102010
103464
106146
109305
110200
112401
116048
116421
118385
122757
125287
126335
127741
130764
132185
133332
134171
134887
135541
137641
140915
141536
142450
142677
142863
143336
143898
145068
145769
146278
147285
147852
148555
149255
149508
150242
150845
151169
152312
153413
154573
155690
155763
157310
158646
160825
164651
166185
167282
167831
169183
170819
