3268 0 
4422 0 star
5212 1
7292 1
8411 0
11649 0
12443 0
15207 0 
15664 1
17407 0 star flare
20936 0 star cluster i think
21576 0 nothing
24028 0 tiny
24859 0 tiny
26921 1 near star flare
28642 0 nothing
29035 0 
32592 0 small gal near bright star
34458 0 
36314 0
36994 0
38395 0 
41770 0
42469 0
42632 0 
42890 1 two galaxies
43129 0
44260 0
47242 1 near flare
49740 0 empty
50028 0
51140 0 
53409 0
58005 0
59870 0
62056 0
62554 0
62961 0
64411 0 
65879 1
67432 1
67845 0
68719 0
69035 0
70033 0
71146 0
71682 0
73873 1 three galaxy thing
75226 0
76754 0
80985 1
82546 0
83292 0
85909 0
87357 0
90022 0
91271 1
92487 0
93980 0
94408 0
94904 1
96993 0 
98909 1 lot of stuff
100891 0
102814 0
103707 0
107765 0
109363 0 
110675 0
112686 1 
116160 0
116556 0
121945 0
123623 0
125744 0
126521 0
128068 0
131008 1
132390 1
133349 0
134259 0
135313 0 
135542 0
139924 0
140985 0 might be dust or very very faint galaxy
141557 0
142456 0
142767 1 lot of stuff might not be good tho
142968 0
143388 0
144387 0
145237 0 
145802 1
146742 0 nothing
147552 0
148402 1 cut off, flares, probably wont run!
148668 0
149361 1 near star
150076 1
150587 0
150859 0
151372 1
152823 1 merging galaxies perhaps?
153635 0
155566 1 right near star
155697 0
155972 1 
157932 0
159370 1 large ellpitical
161037 0 
165569 0
166462 1 very large galaxy no idea why this isn't in RC3
167755 0
168708 1
170002 1
171431 0
