2132
2990
3268
3541
4278
4518
5212
5769
6011
6563
7292
7781
7942
8411
8756
9295
9509
11251
11649
11891
12262
12720
14376
15028
15346
15699
17407
18120
19133
21360
21471
21576
23117
23573
24040
24859
25219
25551
25756
27338
27897
28004
28795
28871
29634
30314
31419
31750
32980
34458
35101
35748
36426
36919
37517
38217
38691
39074
39351
40747
41770
42204
42363
42502
42632
42890
43083
44137
44245
44429
44715
45080
46220
46282
47053
47702
48714
49604
49740
50028
50612
51216
52032
52548
53207
53792
55097
56347
56588
57832
58014
58147
58315
59632
60276
60779
61565
62056
62554
62785
62961
63647
64422
65007
65879
66128
66823
67034
67293
67442
67630
67845
68712
68940
69035
69822
70267
70347
71144
71450
72878
73873
75167
75687
76674
76881
77290
78194
78505
78748
80022
81077
81972
82430
82546
83035
83377
84195
84867
85395
86020
87139
87357
88219
89883
90022
90426
90938
91271
91670
92370
92832
93373
94370
94670
95196
95425
96345
97456
98277
98747
98909
99644
100250
101136
101878
102822
103371
103707
103825
104551
105580
106912
108160
109082
109305
109420
109951
110675
112401
112788
113426
114075
115565
116193
116510
117069
117659
117963
118378
119254
119864
120474
122462
122733
123623
124004
124695
125566
126001
126095
126116
126317
126410
126563
126740
126919
127285
127392
127559
127741
127785
128068
128241
128572
128888
129065
129340
129625
129956
130261
130451
130764
130954
131083
131346
131612
131778
132185
132349
132391
132642
132807
133042
133342
133495
133575
133790
133932
133971
134171
134232
134320
134402
134540
134887
134994
135327
135525
135542
135693
135857
136070
136416
136886
137419
137926
138125
138644
139248
139924
140101
140202
140300
140377
140692
140871
140985
141089
141228
141330
141503
141536
141563
141605
141668
141727
141851
142166
142450
142535
142641
142716
142821
142968
143045
143154
143388
143571
143929
144059
144387
144663
144783
144919
145116
145237
145312
145543
145582
145650
145714
145791
145878
146098
146252
146322
146570
146706
147010
147135
147390
147808
147852
148086
148402
148555
148668
148720
148897
149208
149361
149455
149507
149578
149792
149886
150076
150143
150252
150430
150524
150661
150722
151140
151372
151666
151824
152319
152463
152554
152677
152824
153557
154015
154728
155062
155393
155548
155672
155697
155746
155958
156373
156686
156854
157227
157330
157746
158348
158693
159189
159370
159756
160774
161037
161240
161367
161724
162055
162388
162576
164105
164569
165007
165569
166134
166462
166832
167282
167715
167831
168708
168834
169251
169763
169842
169873
169885
169920
169942
169985
170006
170455
171336
171753
172684
